16934
17987
17069
9532
11691
19196
19403
18522
19697
14738
11730
17751
19698
15406
5834
1931
8801
15329
21234
13757
17791
18179
15563
17032
17594
12176
12330
14579
12391
14682
16250
18132
11614
20297
10527
20467
13573
10658
13871
11836
17338
16558
17607
15651
13114
17321
9176
17185
13745
19774
15096
19434
17547
15315
6428
16902
17764
9373
19577
10836
11507
18799
8461
18504
8395
14741
20702
16875
16166
18866
14447
16865
16282
5237
18078
17316
15658
15095
12690
13682
12656
14999
16304
5887
15326
13785
12452
20973
8081
13275
16552
14675
8417
9594
19106
10827
15996
6955
15598
17139
17335
16657
13150
17881
17548
18275
9372
10798
12388
18455
18720
14651
10777
9192
11696
5413
18607
17110
16163
10939
17592
9523
13080
182
19441
14507
14437
14159
10991
14540
18823
10329
15656
12438
9809
12974
10787
17129
18671
14809
12435
20603
15017
18426
18268
6063
14314
17561
18155
1171
11785
8951
13779
17426
16442
2077
10212
18177
10993
15355
14462
14341
13360
16084
17181
17320
17318
11533
14583
16294
19549
17376
13338
17223
190
10583
6760
19879
16035
16874
19370
17919
11531
13154
16979
9309
9360
16286
17903
15009
17202
17144
13075
6042
10764
11251
14717
20869
15010
14457
14465
10105
13904
18252
17317
11249
11958
15439
9419
13389
15707
13356
20347
7738
16036
15403
6751
16548
18496
5327
9338
15957
16631
14706
6770
16456
17820
18144
15673
14261
16495
18400
15024
15283
9361
17810
13743
14587
1981
8220
11854
13012
9972
11601
8539
21138
14113
11120
20198
16241
18513
15891
17259
13351
5146
18274
9496
17150
19252
19655
9378
8022
20171
13454
13440
5718
9485
13453
16695
15428
11268
11826
9620
13439
13274
19685
16489
13724
15908
11635
19531
11805
13720
11727
16376
13741
14444
10129
8506
8640
16546
11932
19530
18096
16319
16762
6704
19002
14774
16988
19512
13301
11595
10773
19775
18617
14800
18859
20388
12809
11625
14784
16793
20189
11642
13279
8129
17552
7849
15434
19111
20203
18143
20455
13751
14713
17576
12810
14052
18903
17366
14956
11612
18523
13340
17617
10779
16986
14937
6875
14716
10983
15049
17582
16819
10185
14046
9443
18673
17260
15076
8579
16451
11838
16300
10957
17148
17884
18464
11750
16820
19561
16354
9593
14304
8011
2119
15470
9144
8338
16287
8227
14266
20572
14562
15909
17365
13873
21275
7298
11005
16670
14279
16549
10757
11641
15557
19884
10716
19337
19954
8638
19373
16748
8627
11840
14804
15413
11655
9436
15915
10736
10813
16155
19083
14271
18605
13829
14290
18133
18331
18577
9923
16352
20220
13891
9059
14923
15723
9433
17741
16745
13018
15752
19554
15089
16472
13767
5214
11602
11600
17326
14408
17508
16355
17546
8047
19197
13811
7546
11220
14008
16243
15826
17403
13151
19116
18477
13763
17045
19333
19184
14669
16267
13300
10778
16130
12583
16538
20348
11650
15725
13422
16946
12379
10963
16916
14350
2106
15475
11752
17126
13414
13339
13452
14478
18662
14442
20460
15529
13635
17941
16883
13113
19391
14263
14460
10722
21155
14857
20454
7080
21853
16448
16878
8758
19768
17157
19455
11711
9342
17168
10974
18514
18794
19501
6641
18396
20605
9422
18278
6767
1900
15022
15756
16443
19910
16359
15280
6769
20341
14289
14711
15323
13699
16860
17499
20001
8789
7513
18330
14959
13903
15016
9517
13566
18167
14509
15354
7844
7783
17046
9490
9397
17425
15652
21988
10810
14924
15101
18816
16449
17618
15013
9402
15613
19780
17171
13714
17937
15944
17754
18904
16016
14524
13770
9096
17711
7914
11420
5835
13393
9082
13030
8002
10795
18586
14418
13755
11155
17512
14037
11725
7831
6246
14785
13428
12433
18727
18545
10745
16452
15492
15097
13343
17565
16429
15671
13715
16802
15000
11651
5147
10444
16621
15394
13876
10776
18804
10443
14458
10968
11422
17886
12445
20602
16617
18440
14208
16039
16881
17413
16270
16898
9429
12659
18105
16594
14966
8191
11610
11749
14577
11185
7920
13843
13125
9621
18352
17054
17355
6959
16034
10808
14338
18189
9100
18166
6836
16584
14264
7402
17258
8003
9129
15951
7843
11053
18436
7508
18540
18707
13942
16919
6711
16555
525
10953
17653
18176
10960
4888
10401
14389
2557
17201
13629
14710
15116
5292
18616
15734
16263
16000
14958
20511
18966
11021
19450
19699
15112
15526
18178
14209
16917
6883
10788
17443
11760
7389
8000
13802
18266
10805
14837
13352
13346
15029
16918
16787
13264
18187
17151
13941
18879
15767
11764
7289
9346
15139
15386
11148
6874
11813
11649
16268
19525
8410
7145
9444
18536
18110
14454
11262
17983
20977
15427
17710
15008
13532
17591
15012
17357
19395
15487
18580
1923
4956
16262
15820
8144
11615
14472
20804
5885
9345
20701
8458
16679
15466
15325
8021
15967
15252
8994
21908
17898
7757
13344
9599
16410
16015
17921
8462
18100
9130
17700
10381
9556
8249
17623
13940
20527
8231
15321
15495
16101
14698
20317
13016
17583
17122
7091
618
9344
14650
7998
11848
17374
8018
19081
15404
13467
11303
17375
13069
15727
8930
15783
14793
7763
14320
9549
7238
16798
16932
11808
13027
19110
5323
16712
18161
13144
15356
18936
17570
14767
20383
7916
11663
12487
16191
18458
17928
8862
14007
8503
19678
17208
11628
12509
14092